[DASH_CAM]
POS=-0.351861,0.815813,-0.217182
EXP=25
